632787458 10
1091484024 10
1063260948 20
707267036 0
826302307 9
2801336116 100
979486518 0
876929474 30
1325275429 10
1404861985 100
915326989 1
472063864 1
709674502 30
1321214895 10
1026546351 0
819774119 10
3148859519 50
1242158343 5
1009420483 100
452588089 64
1821106658 100
759937672 10
947617031 100
1505953958 5
1404081141 100
215984368 5
1273313827 100
1006519878 100
1965373234 0
690930898 100
1361233701 50
1149795433 5
929906058 5
1547750260 5
1057119693 25
1006906730 100
1053017630 0
1546835636 0
414215251 0
1245563484 10
690933685 0
1061674909 100
1061674009 75
314788632 0
815160032 0
482642313 0
1123877842 1
1754326631 100
260508386 1
970714387 0
